1
6
11
16
37
41
47
-1 -2
-1 -3
-1 -4
-2 -3
-2 -4
-3 -4
-5 -6
-5 -7
-5 -8
-6 -7
-6 -8
-7 -8
-9 -10
-9 -11
-9 -12
-10 -11
-10 -12
-11 -12
-13 -14
-13 -15
-13 -16
-14 -15
-14 -16
-15 -16
-17 -18
-17 -19
-17 -20
-18 -19
-18 -20
-19 -20
-21 -22
-21 -23
-21 -24
-22 -23
-22 -24
-23 -24
-25 -26
-25 -27
-25 -28
-26 -27
-26 -28
-27 -28
-29 -30
-29 -31
-29 -32
-30 -31
-30 -32
-31 -32
-33 -34
-33 -35
-33 -36
-34 -35
-34 -36
-35 -36
-37 -38
-37 -39
-37 -40
-38 -39
-38 -40
-39 -40
-41 -42
-41 -43
-41 -44
-42 -43
-42 -44
-43 -44
-45 -46
-45 -47
-45 -48
-46 -47
-46 -48
-47 -48
17 -5 -49
18 -6 -49
19 -7 -49
20 -8 -49
17 -9 -50
18 -10 -50
19 -11 -50
20 -12 -50
17 -13 -51
18 -14 -51
19 -15 -51
20 -16 -51
21 -1 -52
22 -2 -52
23 -3 -52
24 -4 -52
21 -9 -53
22 -10 -53
23 -11 -53
24 -12 -53
21 -13 -54
22 -14 -54
23 -15 -54
24 -16 -54
25 -1 -55
26 -2 -55
27 -3 -55
28 -4 -55
25 -5 -56
26 -6 -56
27 -7 -56
28 -8 -56
25 -13 -57
26 -14 -57
27 -15 -57
28 -16 -57
29 -1 -58
30 -2 -58
31 -3 -58
32 -4 -58
29 -5 -59
30 -6 -59
31 -7 -59
32 -8 -59
29 -9 -60
30 -10 -60
31 -11 -60
32 -12 -60
33 -21 -61
34 -22 -61
35 -23 -61
36 -24 -61
33 -25 -62
34 -26 -62
35 -27 -62
36 -28 -62
33 -29 -63
34 -30 -63
35 -31 -63
36 -32 -63
37 -17 -64
38 -18 -64
39 -19 -64
40 -20 -64
37 -25 -65
38 -26 -65
39 -27 -65
40 -28 -65
37 -29 -66
38 -30 -66
39 -31 -66
40 -32 -66
41 -17 -67
42 -18 -67
43 -19 -67
44 -20 -67
41 -21 -68
42 -22 -68
43 -23 -68
44 -24 -68
41 -29 -69
42 -30 -69
43 -31 -69
44 -32 -69
45 -17 -70
46 -18 -70
47 -19 -70
48 -20 -70
45 -21 -71
46 -22 -71
47 -23 -71
48 -24 -71
45 -25 -72
46 -26 -72
47 -27 -72
48 -28 -72
-1 17 49 50 51
-17 33 61 62 63
-2 18 49 50 51
-18 34 61 62 63
-3 19 49 50 51
-19 35 61 62 63
-4 20 49 50 51
-20 36 61 62 63
-5 21 52 53 54
-21 37 64 65 66
-6 22 52 53 54
-22 38 64 65 66
-7 23 52 53 54
-23 39 64 65 66
-8 24 52 53 54
-24 40 64 65 66
-9 25 55 56 57
-25 41 67 68 69
-10 26 55 56 57
-26 42 67 68 69
-11 27 55 56 57
-27 43 67 68 69
-12 28 55 56 57
-28 44 67 68 69
-13 29 58 59 60
-29 45 70 71 72
-14 30 58 59 60
-30 46 70 71 72
-15 31 58 59 60
-31 47 70 71 72
-16 32 58 59 60
-32 48 70 71 72
-49 -50
-49 -51
-49 -52
-49 -53
-49 -54
-50 -49
-50 -51
-50 -55
-50 -56
-50 -57
-51 -49
-51 -50
-51 -58
-51 -59
-51 -60
-52 -49
-52 -50
-52 -51
-52 -53
-52 -54
-53 -52
-53 -54
-53 -55
-53 -56
-53 -57
-54 -52
-54 -53
-54 -58
-54 -59
-54 -60
-55 -49
-55 -50
-55 -51
-55 -56
-55 -57
-56 -52
-56 -53
-56 -54
-56 -55
-56 -57
-57 -55
-57 -56
-57 -58
-57 -59
-57 -60
-58 -49
-58 -50
-58 -51
-58 -59
-58 -60
-59 -52
-59 -53
-59 -54
-59 -58
-59 -60
-60 -55
-60 -56
-60 -57
-60 -58
-60 -59
-61 -62
-61 -63
-61 -64
-61 -65
-61 -66
-62 -61
-62 -63
-62 -67
-62 -68
-62 -69
-63 -61
-63 -62
-63 -70
-63 -71
-63 -72
-64 -61
-64 -62
-64 -63
-64 -65
-64 -66
-65 -64
-65 -66
-65 -67
-65 -68
-65 -69
-66 -64
-66 -65
-66 -70
-66 -71
-66 -72
-67 -61
-67 -62
-67 -63
-67 -68
-67 -69
-68 -64
-68 -65
-68 -66
-68 -67
-68 -69
-69 -67
-69 -68
-69 -70
-69 -71
-69 -72
-70 -61
-70 -62
-70 -63
-70 -71
-70 -72
-71 -64
-71 -65
-71 -66
-71 -70
-71 -72
-72 -67
-72 -68
-72 -69
-72 -70
-72 -71
0