1
3
6
8
18
20
21
23
-1 -2
-3 -4
-5 -6
-7 -8
-9 -10
-11 -12
-13 -14
-15 -16
-17 -18
-19 -20
-21 -22
-23 -24
9 -3 -25
10 -4 -25
9 -5 -26
10 -6 -26
9 -7 -27
10 -8 -27
11 -1 -28
12 -2 -28
11 -5 -29
12 -6 -29
11 -7 -30
12 -8 -30
13 -1 -31
14 -2 -31
13 -3 -32
14 -4 -32
13 -7 -33
14 -8 -33
15 -1 -34
16 -2 -34
15 -3 -35
16 -4 -35
15 -5 -36
16 -6 -36
17 -11 -37
18 -12 -37
17 -13 -38
18 -14 -38
17 -15 -39
18 -16 -39
19 -9 -40
20 -10 -40
19 -13 -41
20 -14 -41
19 -15 -42
20 -16 -42
21 -9 -43
22 -10 -43
21 -11 -44
22 -12 -44
21 -15 -45
22 -16 -45
23 -9 -46
24 -10 -46
23 -11 -47
24 -12 -47
23 -13 -48
24 -14 -48
-1 9 25 26 27
-9 17 37 38 39
-2 10 25 26 27
-10 18 37 38 39
-3 11 28 29 30
-11 19 40 41 42
-4 12 28 29 30
-12 20 40 41 42
-5 13 31 32 33
-13 21 43 44 45
-6 14 31 32 33
-14 22 43 44 45
-7 15 34 35 36
-15 23 46 47 48
-8 16 34 35 36
-16 24 46 47 48
-25 -26
-25 -27
-25 -28
-25 -29
-25 -30
-26 -25
-26 -27
-26 -31
-26 -32
-26 -33
-27 -25
-27 -26
-27 -34
-27 -35
-27 -36
-28 -25
-28 -26
-28 -27
-28 -29
-28 -30
-29 -28
-29 -30
-29 -31
-29 -32
-29 -33
-30 -28
-30 -29
-30 -34
-30 -35
-30 -36
-31 -25
-31 -26
-31 -27
-31 -32
-31 -33
-32 -28
-32 -29
-32 -30
-32 -31
-32 -33
-33 -31
-33 -32
-33 -34
-33 -35
-33 -36
-34 -25
-34 -26
-34 -27
-34 -35
-34 -36
-35 -28
-35 -29
-35 -30
-35 -34
-35 -36
-36 -31
-36 -32
-36 -33
-36 -34
-36 -35
-37 -38
-37 -39
-37 -40
-37 -41
-37 -42
-38 -37
-38 -39
-38 -43
-38 -44
-38 -45
-39 -37
-39 -38
-39 -46
-39 -47
-39 -48
-40 -37
-40 -38
-40 -39
-40 -41
-40 -42
-41 -40
-41 -42
-41 -43
-41 -44
-41 -45
-42 -40
-42 -41
-42 -46
-42 -47
-42 -48
-43 -37
-43 -38
-43 -39
-43 -44
-43 -45
-44 -40
-44 -41
-44 -42
-44 -43
-44 -45
-45 -43
-45 -44
-45 -46
-45 -47
-45 -48
-46 -37
-46 -38
-46 -39
-46 -47
-46 -48
-47 -40
-47 -41
-47 -42
-47 -46
-47 -48
-48 -43
-48 -44
-48 -45
-48 -46
-48 -47
0
1 V 1 A 0
2 V 1 B 0
3 V 2 A 0
4 V 2 B 0
5 V 3 A 0
6 V 3 B 0
7 V 4 A 0
8 V 4 B 0
9 V 1 A 1
10 V 1 B 1
11 V 2 A 1
12 V 2 B 1
13 V 3 A 1
14 V 3 B 1
15 V 4 A 1
16 V 4 B 1
17 V 1 A 2
18 V 1 B 2
19 V 2 A 2
20 V 2 B 2
21 V 3 A 2
22 V 3 B 2
23 V 4 A 2
24 V 4 B 2
25 A 1 2 0
26 A 1 3 0
27 A 1 4 0
28 A 2 1 0
29 A 2 3 0
30 A 2 4 0
31 A 3 1 0
32 A 3 2 0
33 A 3 4 0
34 A 4 1 0
35 A 4 2 0
36 A 4 3 0
37 A 1 2 1
38 A 1 3 1
39 A 1 4 1
40 A 2 1 1
41 A 2 3 1
42 A 2 4 1
43 A 3 1 1
44 A 3 2 1
45 A 3 4 1
46 A 4 1 1
47 A 4 2 1
48 A 4 3 1
